298.149994
300.159424
302.148407
304.117126
306.065826
307.994690
309.903870
311.793610
313.664062
315.515472
317.347992
319.161804
320.957153
322.734192
324.493042
326.233917
327.957031
329.662537
331.350616
333.021423
334.675140
336.311951
337.932007
339.535492
341.122528
342.693329
344.248047
345.786835
347.309875
348.817291
350.309174
351.785767
353.247253
354.693756
356.125366
357.542328
358.944702
360.332672
361.706390
363.065979
364.411591
365.743378
367.061432
368.365967
369.657043
370.934875
372.199524
373.451111
374.689819
375.915771
377.129059
378.329865
379.518219
380.694366
381.858307
383.010345
384.150421
385.278778
386.395447
387.500549
388.594269
389.676666
390.747894
391.808044
392.857208
393.895508
394.923035
395.939972
396.946350
397.942352
398.928009
399.903442
400.868774
401.824127
402.769562
403.705170
404.631073
405.547394
406.454193
407.351562
408.239624
409.118378
409.987976
410.848724
411.700439
412.543304
413.377411
414.202881
415.019714
415.828064
416.628021
417.419647
418.203033
418.978271
419.745422
420.504608
421.255859
421.999298
422.734955
423.462952
424.183350
424.896271
425.601746
426.299866
426.990692
427.674347
428.350861
429.020294
429.682739
430.338257
430.986938
431.628815
432.264008
432.892548
433.514526
434.130005
434.739044
435.341766
435.938080
436.528290
437.112274
437.690094
438.261993
438.827789
439.387695
439.941711
440.489929
441.032410
441.569214
442.100372
442.626007
443.146118
443.660767
444.170044
444.673950
445.172577
445.665985
446.154205
446.637360
447.115417
447.588440
448.056488
448.519623
448.977905
449.431366
449.880066
450.324097
450.763397
451.198120
451.628265
452.053864
452.475006
452.891724
453.304077
453.712097
454.115814
454.515289
454.910553
455.301697
455.688660
456.071564
456.450500
456.825409
457.196381
457.563446
457.926666
458.286011
458.641632
458.993469
459.341614
459.686096
460.026947
460.364197
460.697906
461.028107
461.354828
461.678070
461.997925
462.314423
462.627563
462.937439
463.243988
463.547333
463.847473
464.144562
464.438293
464.728973
465.016602
465.301178
465.582733
465.861511
466.137238
466.410065
466.679993
466.947113
467.211395
467.472870
467.731598
467.987579
468.240875
468.491486
468.739471
468.984833
469.227570
469.467743
469.705383
469.940521
470.173187
470.403412
470.631195
470.856537
471.079498
471.300110
471.518402
471.734375
471.948090
472.159515
472.368713
472.575684
472.780487
472.983124
473.183624
473.381989
473.578247
473.772430
473.964600
474.154724
474.342804
474.528900
474.713013
474.895203
475.075439
475.253784
475.430237
475.604828
475.777588
475.948517
476.117615
476.284943
476.450470
476.614258
476.776306
476.936646
477.095276
477.252228
477.407532
477.561188
477.713196
477.863647
478.012421
478.159668
478.305389
478.449585
478.592255
478.733398
478.873016
479.011108
479.147797
479.282990
479.416779
479.549133
479.680084
479.809662
479.937836
480.064697
480.190186
480.314331
480.437164
480.558685
480.678955
480.797913
480.915649
481.032104
481.147339
481.261353
481.374146
481.485748
481.596161
481.705414
481.813507
481.920441
482.026245
482.130920
482.234497
482.336975
482.438354
482.538666
482.637909
482.736115
482.833282
482.929352
483.024414
483.118500
483.211639
483.303741
483.394836
483.485016
483.574219
483.662476
483.749817
483.836212
483.921692
484.006256
484.089905
484.172699
484.254608
484.335663
484.415833
484.495178
484.573639
484.651276
484.728119
484.804108
484.879303
484.953705
485.027313
485.100159
485.172180
485.243439
485.313965
485.383789
485.452820
485.521118
485.588715
485.655579
485.721741
485.787201
485.851959
485.916046
485.979431
486.042145
486.104187
486.165558
486.226288
486.286377
486.345856
486.404663
486.462860
486.520447
486.577423
486.633789
486.689545
486.744690
486.799286
486.853271
486.906708
486.959564
487.011871
487.063599
487.114777
487.165436
487.215546
487.265137
487.314178
487.362701
487.410736
487.458221
487.505219
487.551727
487.597717
487.643250
487.688263
487.732819
487.776917
487.820526
487.863678
487.906372
487.948608
487.990387
488.031738
488.072662
488.113129
488.153198
488.192780
488.231964
488.270752
488.309113
488.347076
488.384644
488.421783
488.458557
488.494934
488.530884
488.566467
488.601685
488.636536
488.671021
488.705109
488.738861
488.772247
488.805298
488.837982
488.870300
488.902283
488.933929
488.965240
488.996216
489.026855
489.057190
489.087189
489.116882
489.146240
489.175293
489.204041
489.232483
489.260620
489.288452
489.315979
489.343231
489.370178
489.396851
489.423248
489.449371
489.475220
489.500793
489.526093
489.551117
489.575836
489.600311
489.624542
489.648499
489.672211
489.695709
489.718903
489.741852
489.764557
489.787048
489.809326
489.831299
489.853058
489.874603
489.895935
489.916992
489.937836
489.958496
489.978943
489.999115
490.019104
490.038910
490.058441
490.077789
490.096985
490.115906
490.134644
490.153229
490.171539
490.189667
490.207672
490.225372
490.242950
490.260345
490.277527
490.294617
490.311401
490.328094
490.344574
490.360870
490.377045
490.392944
490.408783
490.424347
490.439850
490.455109
490.470276
490.485229
490.500061
490.514709
490.529205
490.543549
490.557739
490.571777
490.585663
490.599396
490.613007
490.626434
490.639771
490.652893
490.665985
490.678802
490.691620
490.704163
490.716675
490.729004
490.741211
490.753326
490.765228
490.777130
490.788757
490.800354
490.811829
490.823120
490.834412
490.845428
